79 79 79 79 79 79 79 79 79 79 79 79 79 79 79 79 79 79 79 79 79 79 79 79 79 79 79 79 79 79 79 79 79 79 79 79 79 79 79 79 79 79 78 78 78 78 79 79 81 76 78 83 74 79 76 79 80 81 81 81 82 79 77 79 79 79 79 79 79 79 79 79 79 79 79 79 79 79 79 79 79 79 79 79 79 79 79 79 79 79 79 79 79 79 79 79 78 78 78 78 
79 79 79 79 79 79 79 79 79 79 79 79 79 79 79 79 79 79 79 79 79 79 79 79 79 79 79 79 79 79 79 79 79 79 79 79 79 79 79 79 79 79 79 79 79 79 79 79 78 82 76 76 80 77 80 75 80 81 80 81 81 79 77 79 79 79 79 79 79 79 79 79 79 79 79 79 79 79 79 79 79 79 79 79 79 79 79 79 79 79 79 79 79 79 79 79 78 78 78 78 
79 79 79 79 79 79 79 79 79 79 79 79 79 79 79 79 79 79 79 79 79 79 79 79 79 79 79 79 79 79 79 79 79 79 79 79 79 79 79 79 79 79 79 80 80 79 79 79 77 79 76 78 80 75 81 76 80 81 80 80 80 78 77 79 79 79 79 79 79 79 79 79 79 79 79 79 79 79 79 79 79 79 79 79 79 79 79 79 79 79 79 79 79 79 78 78 78 78 78 78 
79 79 79 79 79 79 79 79 79 79 79 79 79 79 79 79 79 79 79 79 79 79 79 79 79 79 79 79 79 79 79 79 79 79 79 79 79 79 79 79 79 79 79 79 79 79 79 79 80 75 81 81 76 79 84 80 80 81 80 79 79 78 77 79 79 79 79 79 79 79 79 79 79 79 79 79 79 79 79 79 79 79 79 79 79 79 79 79 79 79 79 79 79 79 78 77 78 78 78 78 
79 79 79 79 79 79 79 79 79 79 79 79 79 79 79 79 79 79 79 79 79 79 79 79 79 79 79 79 79 79 79 79 79 79 79 79 79 79 79 79 79 79 78 78 78 78 79 79 80 77 84 78 78 78 81 78 80 81 79 78 78 78 77 79 79 79 79 79 79 79 79 79 79 79 79 79 79 79 79 79 79 79 79 79 79 79 79 79 79 79 79 79 79 78 77 77 78 78 78 77 
79 79 79 79 79 79 79 79 79 79 79 79 79 79 79 79 79 79 79 79 79 79 79 79 79 79 79 79 79 79 79 79 79 79 79 79 79 79 79 79 79 79 78 78 78 78 78 78 76 79 81 76 80 80 72 78 80 81 79 77 77 78 78 79 79 79 79 79 79 79 79 79 79 79 79 79 79 79 79 79 79 79 79 79 79 79 79 79 79 79 79 79 78 78 77 77 77 77 77 77 
79 79 79 79 79 79 79 79 79 79 79 79 79 79 79 79 79 79 79 79 79 79 79 79 79 79 79 79 79 79 79 79 79 79 79 79 79 79 79 79 78 79 79 79 79 79 78 78 76 78 81 78 77 139 94 78 79 81 79 76 77 77 78 79 79 79 79 79 79 79 79 79 78 79 79 79 79 79 79 79 79 79 79 79 79 79 79 79 79 79 79 78 78 77 77 77 77 77 77 77 
79 79 79 79 79 79 79 79 79 79 79 79 79 79 79 79 79 79 79 79 79 79 79 79 79 79 79 79 79 79 79 79 79 79 79 79 79 79 79 79 78 79 80 81 80 79 78 77 80 78 85 76 72 226 139 77 79 81 79 75 76 77 78 79 79 79 79 79 79 79 79 79 78 78 79 79 79 79 79 79 79 79 79 79 79 79 79 79 80 79 79 78 77 77 77 77 76 76 76 76 
79 79 79 79 79 79 79 79 79 79 79 79 79 79 79 79 80 79 80 77 81 77 79 78 80 75 81 79 78 79 78 78 75 78 78 79 79 82 74 78 78 78 80 82 81 79 78 78 80 75 86 72 93 238 192 72 74 83 77 75 79 77 77 79 81 78 79 78 78 79 76 80 76 77 80 76 81 81 76 81 80 79 79 79 79 79 79 79 80 79 79 78 77 77 76 76 77 77 77 77 
79 79 79 79 79 79 79 79 79 79 79 79 79 79 79 79 77 77 81 78 80 78 81 78 77 83 76 77 80 80 78 81 83 79 74 78 79 77 79 76 77 78 79 80 80 78 78 78 76 83 76 63 150 249 234 79 77 80 82 77 74 75 80 79 74 80 74 85 80 75 82 78 77 81 76 79 77 77 82 75 78 77 77 77 77 77 77 77 77 77 77 77 77 77 77 77 78 78 78 78 
79 79 79 79 79 79 79 79 79 79 79 79 79 79 78 78 80 77 79 80 79 77 80 80 76 78 80 75 77 81 79 78 71 80 91 91 77 81 78 80 80 80 80 81 81 80 81 82 83 83 76 72 199 255 235 93 74 74 81 78 76 75 79 75 78 77 77 70 81 76 73 77 78 77 76 78 76 73 79 74 76 76 76 76 76 76 77 77 76 77 77 77 78 78 78 78 77 77 77 78 
79 79 79 79 79 79 79 79 79 79 79 79 78 78 78 78 78 78 77 75 77 77 77 79 83 77 77 73 76 73 84 65 74 95 151 149 78 83 81 83 79 79 79 80 80 79 79 80 77 73 80 82 229 247 247 138 73 78 77 78 81 78 77 75 75 73 81 79 77 88 80 69 76 71 77 80 73 75 77 77 77 77 77 77 77 77 78 78 77 77 77 78 78 78 78 78 77 77 77 77 
79 79 79 79 79 79 79 79 79 79 79 79 78 78 78 79 74 80 78 78 81 81 77 78 77 76 78 77 80 75 80 152 236 239 154 97 79 70 83 77 80 80 81 82 81 80 80 81 86 78 72 131 235 242 250 197 68 86 78 75 79 77 75 79 77 78 78 75 73 110 176 176 128 88 77 74 79 77 75 78 77 77 77 77 78 78 78 79 77 77 77 77 76 76 76 76 78 78 78 78 
79 79 79 79 79 79 79 79 79 79 79 79 79 79 79 79 85 79 76 82 79 74 73 81 75 78 74 87 76 78 200 249 248 210 83 68 79 85 74 83 82 82 82 83 83 81 81 82 74 84 66 208 248 183 241 240 75 82 84 78 77 78 75 80 83 78 91 73 83 85 99 218 254 233 115 66 73 87 72 78 76 76 76 76 77 77 77 78 76 76 76 76 77 77 77 77 77 77 77 78 
79 79 79 79 79 79 79 79 79 79 79 79 79 79 80 80 81 76 81 84 73 85 96 91 88 75 72 75 73 195 254 255 185 57 72 82 77 79 80 79 77 77 77 77 77 76 77 78 79 73 89 222 236 171 219 247 115 64 75 73 73 74 69 73 75 77 68 77 76 87 64 108 215 255 242 133 57 77 79 74 75 75 75 75 76 76 77 77 76 77 77 77 77 77 78 78 76 77 77 77 
79 79 79 79 79 79 79 79 79 79 79 79 79 80 80 81 81 82 80 66 76 171 247 249 227 170 93 69 109 235 255 225 111 64 72 72 73 73 77 78 75 74 74 74 74 74 75 77 73 69 149 153 177 121 186 204 189 74 84 86 89 90 86 88 86 95 104 73 74 68 72 61 107 245 253 238 86 75 68 73 75 75 75 75 76 77 77 77 76 76 76 76 76 76 76 76 77 77 78 78 
79 79 79 79 79 79 79 79 80 79 79 79 78 78 79 82 80 81 74 81 201 235 254 240 255 254 245 153 155 241 238 98 84 134 159 167 150 105 75 125 162 165 160 157 162 159 161 158 156 163 241 158 194 243 209 98 213 245 237 244 250 248 250 251 255 243 188 81 75 84 81 72 76 209 239 255 157 66 91 112 139 169 157 117 73 83 78 78 77 78 78 78 77 77 77 78 78 78 77 77 
79 79 79 79 79 79 79 79 80 79 79 79 78 78 79 82 82 77 72 86 205 136 182 140 196 221 248 251 254 255 199 106 222 252 255 255 250 255 149 90 193 244 255 255 254 254 252 255 252 232 206 143 170 247 177 183 154 217 255 252 253 253 255 255 234 165 60 111 182 189 193 139 84 89 222 254 214 95 213 255 252 252 255 247 137 65 84 76 78 79 79 79 78 78 79 80 79 78 78 78 
79 79 79 79 79 79 79 79 79 79 79 79 78 78 79 81 77 77 84 78 97 65 69 74 81 104 168 231 248 250 234 249 249 248 245 255 244 245 248 159 51 131 222 251 255 255 250 253 252 198 118 211 162 172 117 155 151 129 218 207 213 248 251 210 113 79 193 252 251 249 255 247 233 113 184 251 248 248 254 247 245 204 226 240 241 78 77 79 78 79 79 78 78 78 79 80 79 78 77 77 
79 79 79 79 79 79 79 79 79 79 79 79 78 78 79 81 78 79 76 73 82 118 167 190 206 179 133 191 253 250 255 253 254 255 246 220 195 153 236 226 124 60 102 200 255 242 252 247 249 248 242 230 108 109 212 124 190 112 151 90 139 239 213 89 52 214 254 243 248 252 245 249 255 253 223 253 250 238 195 160 148 63 107 119 184 90 80 76 79 80 79 78 77 77 78 79 79 78 77 77 
79 79 79 79 79 79 79 79 79 79 79 79 78 78 79 81 74 73 67 141 228 251 255 252 251 255 255 250 250 248 248 251 246 197 182 104 124 64 131 113 173 95 64 72 173 238 251 253 251 243 209 182 231 250 194 182 136 101 215 230 231 186 70 59 161 211 218 151 206 200 250 249 255 251 249 253 242 190 107 113 126 129 111 82 69 67 83 80 81 81 80 79 77 76 77 78 78 78 77 77 
79 79 79 79 79 79 79 79 79 79 79 79 78 78 79 80 73 67 153 252 253 249 246 234 222 252 254 254 248 246 251 252 163 80 105 133 130 143 107 83 84 73 81 81 55 142 217 251 247 186 139 188 240 237 75 193 172 174 245 226 182 79 79 74 183 92 120 79 134 71 164 201 231 253 255 249 242 224 250 255 255 252 255 211 120 79 73 79 80 80 80 78 76 76 76 77 77 77 76 76 
79 79 79 79 79 79 79 79 79 79 79 79 79 78 78 80 78 87 243 253 224 204 179 156 124 221 230 234 250 251 251 242 94 135 226 251 248 251 249 214 105 66 82 80 76 69 117 226 240 143 193 225 179 243 142 192 125 143 233 136 69 86 83 66 87 87 128 161 134 107 77 47 156 251 246 247 255 255 255 247 240 241 249 255 244 137 60 76 79 79 79 79 77 77 77 78 78 77 77 77 
79 79 79 79 79 79 79 79 79 79 79 79 79 78 78 80 75 186 250 199 122 73 85 61 82 81 85 120 180 232 252 245 231 251 253 248 239 247 255 251 248 145 70 74 80 86 61 110 238 217 230 93 80 202 221 114 165 161 217 74 69 78 70 89 180 243 252 252 255 254 239 130 88 231 252 246 249 236 230 233 153 197 195 237 244 237 122 66 79 80 81 81 80 80 81 82 81 81 80 80 
77 77 76 76 76 76 76 76 77 77 77 76 77 77 77 75 87 248 227 105 66 73 79 71 77 88 129 142 146 200 247 249 253 249 237 192 178 189 197 198 254 247 80 71 81 81 72 173 251 253 227 130 165 84 141 119 185 181 237 151 82 72 80 206 252 252 251 237 228 241 249 249 207 244 249 225 175 130 110 148 111 74 108 160 169 251 234 70 79 81 82 81 81 81 80 80 81 81 81 81 
79 79 79 78 78 78 79 79 79 79 78 78 78 79 78 76 92 238 151 85 85 85 71 97 169 242 250 252 255 253 242 246 249 223 208 187 169 140 112 78 171 209 168 85 77 73 71 231 252 208 146 190 202 166 143 178 190 194 246 197 80 64 154 233 219 154 184 146 142 175 233 250 244 252 244 177 107 106 93 65 65 76 68 78 74 234 252 107 75 78 80 80 78 78 79 79 81 81 81 81 
81 81 80 80 80 81 81 81 80 81 80 79 80 81 80 78 83 199 59 85 76 64 111 230 253 253 241 240 225 224 235 255 222 134 226 242 254 255 247 152 68 80 179 85 80 68 103 247 227 135 133 215 114 216 255 252 198 229 250 235 79 71 200 162 89 88 123 193 201 188 225 244 249 238 239 253 254 253 231 163 101 77 76 76 74 204 236 147 72 77 80 79 76 76 78 81 81 81 81 81 
81 81 81 81 81 81 81 81 81 81 81 80 81 82 81 79 82 115 83 74 65 114 245 250 248 247 247 190 163 215 235 221 188 120 141 206 211 248 251 251 179 66 98 78 75 70 187 241 212 223 255 216 135 121 193 255 240 240 251 232 103 97 129 62 115 238 255 255 250 229 222 171 241 242 201 199 240 251 255 253 252 142 64 74 71 158 179 145 72 77 81 80 77 76 79 81 81 81 81 81 
81 81 80 80 81 81 81 81 81 81 81 80 81 82 81 79 82 71 81 79 79 221 255 248 247 167 147 118 226 242 231 107 97 186 120 200 113 227 207 251 254 118 65 79 77 80 236 252 255 255 210 95 57 66 80 181 240 252 255 250 175 74 82 102 253 253 255 238 188 173 102 92 198 253 215 137 166 245 252 253 252 254 123 64 78 63 135 128 74 77 80 79 77 77 78 80 81 81 81 81 
80 80 80 80 80 81 81 81 81 81 80 80 80 81 81 79 80 82 75 73 168 246 241 255 176 70 82 234 250 171 146 70 64 200 143 127 150 125 104 216 205 180 78 71 69 127 245 253 242 186 90 68 86 82 69 66 133 197 254 250 241 84 69 195 225 240 173 183 158 151 99 202 118 196 255 242 127 161 191 224 250 254 232 100 78 80 100 92 77 79 81 80 80 80 80 79 81 81 81 81 
80 80 80 80 80 80 81 81 81 81 80 80 81 82 81 79 80 78 78 85 232 254 154 180 63 72 162 250 243 123 83 66 73 129 186 90 189 93 76 120 96 166 70 77 60 194 254 228 151 71 74 76 77 84 77 75 68 83 189 255 247 105 76 212 130 163 56 129 204 89 181 187 65 84 207 252 233 82 85 132 238 254 253 200 72 80 75 73 80 81 81 81 81 82 81 79 81 81 81 81 
80 80 80 80 80 80 80 81 81 81 81 80 81 82 81 80 80 79 74 118 244 229 72 83 70 70 213 249 196 114 62 96 83 66 192 159 125 208 84 70 78 91 78 77 80 232 207 118 61 71 83 83 80 79 81 82 81 70 71 155 210 168 93 135 64 86 103 163 145 155 188 98 63 70 100 234 245 190 54 64 198 215 250 242 94 71 85 85 79 80 81 80 81 81 80 78 81 81 81 81 
80 80 80 82 82 81 81 81 84 78 81 77 81 80 81 80 81 78 82 156 213 169 68 71 82 67 195 237 127 71 79 159 101 72 120 202 112 196 132 73 85 73 81 82 136 193 111 55 80 81 82 82 81 80 80 81 84 82 70 67 113 171 78 75 79 67 187 198 124 236 145 60 102 74 66 192 245 235 65 71 133 113 228 248 128 73 82 79 82 78 82 80 79 80 77 81 81 81 81 81 
79 78 79 80 81 80 80 80 78 82 81 81 76 85 78 80 80 72 87 191 145 88 81 80 78 75 143 228 89 79 168 151 79 72 78 205 153 112 201 97 76 82 76 79 153 108 66 80 79 80 81 81 81 80 80 81 78 74 84 82 72 85 80 84 70 106 218 148 149 197 112 72 148 137 76 116 235 249 80 71 80 68 183 236 178 80 79 80 79 77 80 80 82 83 79 80 80 80 80 80 
79 78 79 80 81 80 80 80 80 82 77 83 82 75 84 82 77 78 93 212 80 73 83 80 80 76 84 154 95 193 179 64 81 80 75 143 206 111 192 148 73 77 80 88 67 80 84 77 78 79 80 81 80 80 80 81 82 84 78 78 82 84 76 80 59 216 201 139 222 94 71 79 76 185 134 87 207 202 70 83 78 75 139 163 192 73 78 80 82 81 82 79 78 80 80 82 80 80 80 80 
80 80 80 81 82 81 80 81 82 77 79 75 74 85 80 81 81 84 81 162 84 78 84 77 77 80 79 67 188 200 74 81 77 81 78 67 224 169 115 207 102 76 78 79 82 79 75 82 78 79 80 80 80 79 80 80 77 79 77 82 78 78 73 73 117 217 139 181 190 91 79 83 74 77 198 128 150 96 73 82 87 83 92 88 187 79 79 78 76 78 80 79 79 80 80 79 80 80 80 80 
79 79 80 81 82 81 81 82 79 87 82 100 91 68 72 81 81 84 75 85 86 78 82 81 78 75 78 180 207 79 76 86 78 82 82 75 164 202 127 216 148 82 76 83 77 81 86 80 78 79 80 80 80 79 79 80 80 87 78 78 84 80 82 69 229 170 147 208 79 73 84 80 77 70 121 242 119 60 80 84 81 79 76 81 164 81 74 82 81 81 79 79 81 81 81 78 80 80 80 80 
78 78 79 81 81 81 81 82 84 78 72 208 202 121 87 68 78 85 81 66 76 86 79 83 77 74 158 237 112 76 72 84 82 82 82 75 95 233 157 116 188 94 75 78 85 79 76 83 79 80 81 81 80 79 80 80 76 81 82 82 76 78 78 124 228 122 194 160 75 79 79 85 84 73 67 198 226 96 78 76 83 88 85 89 108 77 78 83 77 79 79 80 79 77 80 81 79 79 79 79 
80 80 80 81 82 81 80 81 81 73 116 244 212 246 197 139 80 82 78 84 89 77 85 80 61 125 249 172 60 81 82 85 82 79 83 85 96 187 151 106 213 121 69 77 77 81 80 81 79 80 81 81 81 80 81 81 80 83 76 81 82 76 69 213 174 147 216 101 78 82 81 84 79 82 76 86 233 193 79 73 79 83 76 80 75 80 83 75 73 75 76 82 82 78 80 81 81 81 81 81 
84 83 83 83 82 80 79 80 76 63 187 206 98 163 222 210 76 74 82 79 81 84 80 77 81 221 246 90 72 84 84 82 81 86 77 78 76 132 224 148 151 160 79 77 83 77 81 78 79 80 82 82 81 81 81 82 83 77 78 81 78 77 98 217 129 164 202 82 78 83 81 84 82 83 79 67 184 251 134 66 83 80 76 85 77 63 67 76 112 97 78 78 83 82 85 82 83 83 83 83 
83 83 82 84 82 83 87 79 74 102 228 110 61 74 102 110 76 86 86 82 84 78 83 77 181 250 195 69 75 83 79 81 84 76 83 83 79 122 212 126 95 219 81 74 83 80 76 83 80 79 79 79 83 83 77 81 79 79 81 85 76 73 178 184 151 231 157 81 83 84 81 80 85 81 82 74 99 243 231 95 76 81 81 79 83 117 149 191 238 205 83 75 85 82 82 81 83 83 83 82 
83 82 81 85 82 79 83 81 73 185 228 69 79 91 77 77 85 80 84 83 80 83 76 96 248 242 112 76 78 84 80 81 79 86 81 83 76 67 171 205 125 215 129 83 80 80 82 81 81 81 80 78 80 81 80 81 80 81 84 86 73 64 232 134 149 182 75 73 89 78 83 83 82 79 85 73 77 220 247 183 69 75 84 72 93 222 254 196 195 232 109 75 73 70 77 79 82 82 82 82 
84 83 82 85 83 81 82 78 80 231 169 73 78 79 86 78 83 85 79 84 92 75 63 194 253 220 71 77 80 80 87 80 81 82 83 81 81 78 120 227 105 161 207 80 83 83 77 83 81 82 81 81 80 80 82 79 78 80 81 78 74 147 215 136 213 151 75 84 76 86 80 79 80 79 81 75 74 142 253 241 111 74 78 78 80 222 225 72 70 232 174 70 101 159 94 74 81 81 82 82 
82 84 83 82 83 85 81 72 127 236 106 72 82 71 68 79 82 82 80 87 84 71 99 235 253 189 65 76 87 79 81 83 83 82 80 83 87 75 93 230 128 137 237 95 77 84 84 84 81 79 78 82 81 81 86 83 85 80 83 75 67 227 161 119 232 135 71 82 86 81 83 78 83 86 81 80 84 80 248 251 185 76 74 85 70 160 226 66 79 199 215 65 107 248 147 70 81 81 82 82 
80 82 82 79 81 84 81 76 182 217 77 72 153 137 105 89 69 71 76 82 73 63 173 247 253 150 60 78 85 85 76 83 83 85 82 77 84 61 72 194 215 145 238 116 64 69 79 74 88 82 81 85 82 80 81 79 85 85 73 68 102 222 135 134 222 92 78 85 87 81 78 84 84 86 85 80 78 76 235 253 241 99 78 79 73 101 244 119 69 127 234 82 73 204 159 78 81 82 83 83 
80 81 82 81 81 80 80 88 230 225 117 112 239 245 237 186 148 129 106 86 81 81 235 248 239 111 68 82 78 83 86 81 89 76 72 79 100 125 127 172 209 143 234 166 131 122 102 83 67 67 77 84 85 82 74 72 61 77 79 74 166 222 128 213 171 80 67 71 75 82 87 81 85 83 85 81 78 76 209 253 254 154 72 78 90 79 219 186 67 71 223 133 71 103 94 80 82 83 84 85 
82 81 83 82 83 81 80 92 209 237 232 218 238 140 201 255 239 250 192 85 72 119 242 255 244 88 75 82 83 77 89 85 81 82 117 139 147 164 169 155 151 141 166 167 165 174 158 147 133 114 94 68 66 85 101 123 130 129 133 113 161 192 134 213 135 119 122 114 82 78 90 81 89 86 85 87 88 67 176 251 253 215 70 75 86 77 171 236 82 70 216 202 80 74 80 80 85 85 85 85 
82 81 82 80 83 84 79 84 96 133 158 176 176 44 185 219 112 157 172 82 68 189 255 248 229 77 80 80 82 84 83 86 76 96 192 134 101 73 64 56 74 72 69 65 73 92 108 134 164 163 165 148 146 157 153 162 156 147 136 148 142 111 132 125 142 166 167 161 157 117 73 85 84 85 85 86 84 69 150 250 250 245 86 79 87 77 111 170 88 77 170 231 85 75 89 89 87 86 86 85 
83 83 82 82 81 81 81 81 77 64 53 140 155 103 226 172 41 47 74 83 69 222 249 249 217 78 78 85 86 84 84 84 82 102 165 65 70 76 93 124 141 108 80 92 78 67 86 103 106 93 129 170 177 154 100 63 86 84 103 109 156 112 65 85 115 118 89 111 153 172 88 83 84 84 85 82 86 75 126 249 249 245 125 83 87 81 91 82 69 57 113 235 93 80 85 85 86 86 85 85 
84 84 84 84 85 85 85 85 86 78 103 244 234 232 254 211 170 155 97 77 110 237 248 248 211 77 81 86 85 85 85 85 78 116 152 78 102 132 138 133 110 146 97 146 77 137 141 140 108 79 70 72 67 66 82 138 150 108 110 94 163 138 79 130 138 110 75 74 85 168 96 79 84 85 83 83 83 72 127 246 238 252 184 77 81 69 63 75 108 122 170 246 127 76 86 83 84 84 84 83 
85 85 85 86 86 86 87 87 82 71 125 240 156 186 241 186 226 248 109 70 149 240 245 249 203 75 82 86 83 85 86 84 74 138 140 74 150 143 98 71 61 151 127 156 86 134 113 83 59 73 79 92 81 81 99 154 100 74 71 78 138 101 82 85 106 97 88 74 99 169 89 84 84 86 83 85 83 71 127 246 246 246 222 87 72 130 155 174 213 244 249 218 120 78 92 84 84 84 84 84 
86 86 85 85 85 85 85 85 87 74 159 239 79 147 223 72 147 233 73 69 192 246 243 249 204 75 82 87 84 84 85 85 80 148 133 77 130 136 133 65 71 84 156 172 76 80 58 65 133 173 91 81 83 86 88 80 100 77 85 85 114 147 80 115 138 130 84 74 108 163 91 81 86 87 86 87 87 73 127 249 240 246 240 93 72 208 245 192 160 144 125 103 91 90 86 82 85 85 86 87 
86 85 85 85 84 84 84 84 80 70 179 239 85 194 220 64 170 237 59 67 217 246 239 252 214 78 81 87 85 82 83 85 82 144 124 71 79 169 186 107 93 116 176 164 110 69 92 155 216 211 98 83 87 95 83 79 174 112 62 55 109 155 54 141 116 104 130 93 95 162 99 87 88 88 88 87 89 75 132 251 245 241 244 106 75 128 134 90 63 54 56 57 77 81 85 87 84 85 87 89 
84 84 84 84 84 84 84 84 85 60 195 242 68 207 204 60 204 226 67 71 230 249 236 245 226 81 78 85 85 81 81 84 76 166 112 84 116 204 207 187 177 197 131 121 192 145 183 197 221 192 99 80 79 81 72 105 235 200 110 127 158 199 123 182 204 155 181 96 100 171 92 83 89 87 88 86 87 74 148 249 241 239 246 118 76 74 68 86 138 150 152 145 141 76 89 80 83 84 87 89 
85 85 85 85 85 86 86 86 80 71 195 236 109 229 203 84 216 207 69 82 233 250 242 246 236 86 78 84 86 83 82 85 86 182 88 119 170 163 161 141 160 128 70 82 150 170 156 85 108 146 94 79 84 76 113 156 182 185 196 195 134 160 215 193 166 142 106 80 111 170 93 83 87 86 86 88 82 74 177 248 242 236 241 132 79 86 81 118 251 213 187 231 239 78 81 89 85 86 87 88 
88 88 88 88 88 88 88 88 83 71 216 252 224 252 243 195 242 206 59 94 232 241 241 244 244 92 81 87 89 88 87 88 82 175 95 109 105 54 53 60 68 65 85 78 61 58 45 76 93 76 77 85 85 90 129 139 98 59 95 84 65 77 114 97 57 70 70 88 118 152 87 82 85 85 84 90 79 74 201 249 242 241 249 140 76 81 80 105 234 140 71 161 235 79 78 88 90 89 88 88 
89 89 89 89 89 89 89 89 84 81 134 147 160 162 169 169 180 148 69 88 233 245 235 243 244 124 76 90 87 90 90 83 83 192 84 76 71 97 144 139 92 84 82 112 111 84 132 157 146 104 82 91 84 78 100 79 64 107 120 116 122 82 67 87 165 86 87 74 122 152 91 81 89 90 90 88 75 75 232 241 240 236 249 145 79 74 75 109 235 136 70 172 233 82 82 87 88 88 89 89 
89 89 88 88 88 88 88 88 86 82 89 77 65 65 69 63 91 92 78 95 231 241 241 240 247 174 70 83 87 88 90 82 72 204 88 82 123 155 145 120 115 107 77 151 149 89 153 153 98 70 89 85 91 128 140 94 119 145 119 128 198 111 116 100 176 117 134 83 123 148 88 83 93 85 88 91 82 96 244 238 238 235 247 137 77 83 80 112 231 129 61 168 239 77 82 91 87 87 88 89 
88 88 88 88 88 88 88 88 88 72 176 204 83 84 165 121 73 84 82 86 233 247 239 239 242 218 70 79 86 88 89 83 87 191 82 76 192 93 62 68 132 146 91 120 100 66 68 54 99 145 82 84 87 131 95 89 163 90 70 77 170 145 172 170 77 159 176 112 112 151 88 83 89 91 86 87 74 152 247 239 233 242 250 130 78 93 78 111 236 141 85 186 227 78 84 87 87 87 88 89 
88 88 88 88 88 88 88 88 84 63 208 246 85 97 233 152 82 94 81 85 230 249 233 241 237 234 102 79 85 90 88 84 83 193 84 107 153 149 67 79 75 145 88 89 82 148 157 150 107 185 94 80 96 119 144 148 166 69 84 78 72 142 174 149 138 159 147 115 109 148 94 82 88 88 93 80 81 209 244 239 236 238 240 119 78 85 78 139 255 221 195 244 214 68 82 89 88 88 88 89 
88 88 88 88 88 88 88 88 85 69 176 233 94 89 232 155 77 87 77 88 217 247 237 237 237 241 168 76 84 92 89 85 97 177 90 82 109 195 165 104 150 196 76 54 70 186 252 191 71 165 97 71 137 93 153 121 189 84 106 97 110 96 178 85 156 194 136 120 123 145 86 85 91 83 90 81 115 243 239 237 238 243 247 102 79 92 82 98 147 157 152 227 209 78 87 85 89 88 88 88 
88 88 87 87 87 88 88 88 84 74 159 245 80 56 222 190 76 90 77 78 196 246 240 233 236 244 227 90 80 89 89 84 107 174 80 88 182 205 207 197 169 179 188 187 182 204 213 216 172 142 85 76 160 133 120 161 153 185 212 201 219 188 218 83 70 181 131 150 106 146 96 82 90 90 84 74 175 244 237 237 234 235 238 91 79 86 85 78 71 75 68 221 187 71 83 92 89 88 88 87 
87 87 87 87 87 87 87 87 86 72 122 241 161 162 252 222 69 90 83 76 164 240 239 237 235 239 247 148 80 85 89 84 121 161 84 108 127 124 97 115 92 92 130 143 140 113 96 158 162 131 87 71 119 217 205 175 89 135 135 133 125 140 130 106 154 170 99 135 116 146 87 80 89 91 86 97 231 232 238 236 238 240 207 83 86 99 84 86 70 58 57 234 163 73 87 93 90 89 88 87 
86 86 86 86 86 87 87 87 88 76 108 243 252 246 225 204 80 86 82 80 132 239 243 236 238 233 245 214 83 83 89 86 123 147 85 83 58 54 54 47 64 55 54 57 60 69 59 153 179 194 95 80 78 144 131 103 73 70 67 64 52 67 62 104 171 177 76 95 122 147 92 79 89 84 75 167 242 239 228 237 234 246 181 87 79 84 84 172 186 165 147 237 142 71 92 88 92 90 88 87 
90 89 88 88 89 89 89 88 87 85 94 163 154 156 131 125 85 90 89 88 96 227 244 235 239 235 235 235 154 72 85 80 138 118 67 85 111 127 142 138 149 146 138 138 118 102 74 113 139 143 101 90 88 68 56 59 68 79 91 95 94 98 83 94 108 94 60 80 116 148 97 85 93 77 99 229 242 238 233 229 240 245 147 82 84 84 78 237 242 236 232 244 120 70 92 92 89 89 89 89 
91 91 90 90 91 91 90 90 93 85 86 117 82 53 60 54 85 86 90 79 65 213 250 228 234 240 235 233 237 116 68 77 148 183 177 196 219 242 250 255 255 254 252 249 233 215 185 138 75 52 67 91 75 74 110 151 181 188 205 211 213 214 202 195 180 153 130 84 120 143 87 89 80 71 193 249 238 232 231 236 234 244 92 84 90 81 92 227 129 109 195 235 96 84 91 89 91 91 91 91 
90 91 91 91 90 90 90 91 92 85 79 176 197 172 148 111 75 72 68 85 74 171 246 241 231 232 233 240 246 210 93 74 100 209 253 250 255 255 218 184 158 147 175 197 142 167 223 229 206 162 89 68 109 169 213 251 236 211 208 252 226 250 253 255 248 244 215 188 188 144 84 88 75 142 243 242 235 238 230 232 243 218 65 87 89 74 142 224 74 54 196 201 76 90 89 92 90 90 90 91 
89 90 91 90 89 89 90 90 87 93 80 131 244 243 250 235 204 185 148 96 69 105 242 241 237 226 234 234 240 247 193 68 67 96 215 244 177 125 92 82 67 71 174 162 116 81 206 174 148 242 207 163 220 230 154 171 198 114 135 194 122 127 147 199 242 246 248 255 190 94 84 67 120 233 242 234 229 237 234 229 248 153 78 90 87 85 211 202 75 82 221 152 80 86 90 90 89 89 90 90 
90 90 91 91 90 90 90 91 90 85 87 88 228 182 138 169 211 246 230 183 82 70 219 235 235 238 230 238 234 242 249 149 74 69 110 134 88 79 82 81 87 91 162 190 190 117 232 142 65 122 226 249 171 109 73 172 191 136 159 208 81 63 77 93 135 185 248 200 88 83 71 98 199 243 233 235 228 229 235 232 241 107 84 89 79 95 232 150 72 133 233 102 86 85 93 87 90 90 90 91 
90 90 90 90 90 90 90 91 92 88 85 74 204 217 65 57 79 133 245 253 106 72 127 238 239 233 241 232 234 234 236 242 141 76 70 72 87 82 100 88 83 84 200 200 112 95 228 165 70 56 116 143 82 70 90 203 156 105 141 235 182 99 85 74 70 91 133 102 80 68 83 211 236 225 226 231 232 231 234 247 183 88 83 92 81 144 238 101 69 197 227 73 83 91 88 90 90 90 90 91 
90 89 89 89 90 90 90 90 88 89 89 70 146 242 111 81 162 205 235 157 97 84 82 214 247 233 235 236 236 236 223 243 226 145 73 82 92 87 87 87 94 77 180 206 80 76 230 149 77 95 85 77 83 90 94 183 136 91 129 234 141 86 84 96 85 87 77 82 68 97 193 241 230 233 230 230 231 232 238 236 120 76 77 73 78 105 128 78 97 234 179 75 86 95 85 90 89 89 89 89 
91 90 89 90 91 91 91 90 89 88 87 84 91 234 201 214 254 182 106 84 86 87 70 148 245 229 232 236 227 234 235 230 233 235 176 71 77 94 87 90 90 96 156 187 167 117 226 192 84 86 89 90 96 88 101 213 127 185 136 198 100 84 95 90 96 92 81 65 128 212 241 233 233 233 229 230 224 231 242 184 76 74 174 135 73 60 71 68 158 236 114 86 88 89 92 89 89 89 89 89 
88 89 89 89 90 91 91 89 88 93 92 76 72 188 239 196 119 82 78 88 90 89 86 82 212 241 234 226 237 231 230 230 230 236 239 200 108 64 89 89 88 100 211 186 140 114 225 127 83 88 93 89 98 84 77 186 134 143 137 223 145 81 91 95 91 69 83 157 228 240 228 230 233 232 231 231 227 236 225 97 71 125 244 237 200 147 85 86 220 206 85 85 93 92 89 91 90 90 90 90 
89 90 90 89 90 91 91 91 95 81 79 112 80 106 231 147 64 82 102 87 88 87 94 79 119 238 239 234 227 233 230 236 234 226 239 242 222 155 79 76 86 83 172 179 76 100 236 135 84 89 88 87 91 92 111 214 127 91 115 233 100 92 94 82 72 125 199 241 239 228 226 227 227 237 232 227 238 247 145 71 77 160 240 155 207 244 207 187 233 137 77 82 90 91 90 92 90 90 90 90 
92 93 92 90 89 90 91 91 85 84 129 201 100 71 212 212 71 92 82 77 76 91 92 88 79 184 245 236 231 229 234 230 233 232 231 229 241 243 189 121 74 62 198 170 173 113 238 124 74 90 98 91 95 87 77 191 147 170 120 233 173 82 64 90 166 213 245 239 226 225 229 231 231 230 225 226 246 219 88 82 77 116 235 135 102 133 182 239 220 87 83 90 91 91 90 88 90 90 90 90 
94 95 94 91 88 88 89 90 90 81 116 246 184 71 128 244 131 62 87 146 169 90 89 89 75 112 227 234 226 231 232 235 230 228 221 233 235 236 241 214 172 134 213 130 143 146 236 115 85 97 90 99 86 83 117 194 157 192 100 236 177 101 151 191 233 240 232 222 228 233 228 226 227 227 231 235 233 137 78 89 81 72 227 212 62 68 127 234 145 74 88 94 89 91 89 87 89 89 89 89 
94 95 94 90 88 88 89 89 92 86 75 159 136 80 81 218 220 143 215 246 214 107 89 87 98 69 119 245 231 232 231 230 233 228 230 231 226 226 232 241 244 225 233 183 120 197 193 75 66 69 78 74 73 66 78 214 179 83 123 230 211 205 239 252 236 229 227 228 227 227 230 230 231 228 229 245 149 68 91 91 93 72 164 236 84 74 200 203 81 84 91 92 90 90 89 89 89 89 89 89 
94 95 94 92 91 92 92 92 91 91 87 82 177 173 77 123 242 234 192 143 109 88 100 89 96 86 73 160 246 233 231 236 233 222 231 231 229 235 230 223 232 234 235 233 211 235 209 162 150 147 138 126 134 140 141 207 222 177 211 227 237 243 233 227 228 229 230 230 230 228 227 227 224 230 244 186 86 85 85 88 88 87 103 227 159 122 244 133 76 94 97 92 94 91 91 93 92 92 92 92 
94 94 94 94 93 94 94 94 93 93 89 82 191 244 116 69 176 247 101 68 75 88 89 85 84 103 86 79 160 243 240 228 229 234 228 226 229 227 228 231 228 229 225 234 238 236 238 242 236 232 223 232 229 226 237 231 243 246 240 227 228 227 227 231 225 233 228 224 230 230 226 232 223 248 190 89 87 91 95 83 96 81 80 205 222 222 196 78 88 90 94 90 94 93 93 96 94 94 94 94 
92 93 93 92 93 93 93 91 92 92 98 79 110 182 102 82 100 226 188 71 92 87 73 114 82 97 90 87 87 151 232 233 228 229 229 231 231 230 229 228 229 231 231 227 229 222 227 229 232 234 235 235 236 235 237 231 229 226 228 233 226 229 228 228 230 228 229 230 228 227 228 229 244 189 97 84 87 95 86 87 82 94 78 140 247 227 106 86 97 92 93 92 92 94 92 93 93 93 93 93 
92 92 92 92 92 92 92 92 92 92 92 91 90 89 90 90 75 130 244 154 70 74 178 217 110 81 92 97 84 72 134 239 243 232 230 228 232 229 222 229 227 228 226 226 229 227 225 229 227 227 226 225 225 225 226 226 225 226 230 230 226 228 230 226 229 227 227 227 230 223 229 250 191 86 82 92 90 78 100 187 97 75 91 96 237 149 77 89 94 94 93 93 93 92 92 92 92 92 92 92 
93 93 93 93 93 93 93 93 93 93 93 92 92 91 91 92 88 77 166 229 147 196 238 231 212 98 83 92 114 71 73 130 212 246 222 231 222 228 228 225 225 226 225 226 228 227 225 225 227 227 226 226 226 226 226 226 229 225 224 227 227 226 226 226 223 228 230 222 227 232 242 161 99 84 86 87 88 84 195 251 213 104 73 79 146 91 90 95 93 93 93 93 93 93 93 93 93 93 93 93 
94 94 94 94 94 94 94 94 94 93 93 93 93 93 93 93 100 84 93 190 236 217 110 108 247 221 89 72 170 172 84 78 107 185 239 235 227 227 226 227 227 228 228 227 226 227 228 227 227 227 227 227 227 227 227 227 227 228 226 225 227 227 227 227 229 225 228 231 246 227 153 79 80 92 100 85 81 197 229 150 211 224 115 85 97 95 94 90 93 93 93 93 93 94 94 94 94 94 94 94 
95 95 95 95 95 95 95 95 94 94 93 93 94 94 94 93 90 94 84 89 213 230 95 67 121 239 210 93 128 229 130 87 79 86 146 233 244 232 227 228 227 225 228 229 226 226 228 226 226 226 226 226 226 226 226 226 224 227 227 226 228 226 223 225 226 225 240 236 181 108 85 88 91 88 78 80 196 236 133 63 104 238 211 98 82 93 94 96 92 93 93 93 93 94 94 94 94 94 94 94 
93 93 93 93 93 93 93 93 94 93 93 93 94 94 94 93 97 95 91 83 91 217 225 95 59 117 248 199 118 227 141 86 89 82 75 100 171 236 243 224 231 225 225 228 228 228 228 224 227 227 228 228 228 227 227 227 231 229 226 227 230 225 222 227 239 239 200 120 86 66 84 95 100 93 109 213 233 119 65 86 201 243 136 84 94 96 95 91 93 93 93 93 93 93 93 93 93 93 93 93 
92 92 92 92 92 92 92 92 92 92 92 92 92 92 92 92 90 88 92 93 74 128 252 199 92 182 246 123 103 237 146 85 90 101 82 76 85 129 193 237 253 240 228 223 223 226 228 228 225 225 225 225 225 225 225 225 223 229 228 222 225 235 244 247 213 146 102 83 83 143 110 85 85 86 196 238 128 65 84 194 251 161 76 91 98 89 92 93 93 93 93 93 93 93 93 92 93 93 93 93 
93 93 93 93 93 93 93 93 93 93 93 93 92 92 93 93 92 101 92 92 90 76 127 239 215 238 138 72 109 232 158 75 75 179 199 100 86 80 100 124 164 202 241 253 243 229 224 226 228 228 227 227 227 228 228 228 229 232 237 244 249 234 189 141 99 85 75 94 98 218 198 76 86 90 152 233 105 72 190 249 155 85 80 97 94 94 90 93 93 93 93 93 93 93 93 93 93 93 93 93 
96 96 96 96 96 96 96 96 96 97 97 96 96 95 96 97 97 93 96 96 101 91 74 126 244 155 79 65 96 229 188 74 115 243 184 79 96 94 89 83 86 102 119 147 191 228 243 244 243 243 242 242 242 242 243 243 241 226 209 184 145 110 92 84 88 88 97 89 90 161 236 128 87 85 83 188 204 208 233 136 78 88 92 89 95 92 93 93 93 93 93 93 93 93 93 93 93 93 93 93 
96 96 96 96 96 96 96 96 96 96 96 96 96 96 96 96 94 95 96 96 96 96 93 89 115 91 86 127 72 228 189 74 196 234 100 85 97 94 94 97 93 87 88 85 93 107 121 138 153 160 166 173 176 163 148 137 126 115 96 87 80 81 88 93 95 99 95 91 87 87 200 219 103 84 67 130 242 225 127 77 91 92 92 93 93 93 92 92 93 93 93 93 93 93 93 93 93 93 93 93 
96 96 96 96 96 96 97 97 97 97 97 97 97 97 97 97 95 96 96 96 97 97 95 92 79 83 121 221 190 225 188 141 237 133 87 99 96 98 93 86 91 98 96 89 87 89 77 85 84 87 87 82 78 90 85 83 75 66 76 91 91 94 100 99 93 75 87 95 93 78 116 243 184 66 145 222 201 98 83 90 93 93 92 92 92 92 91 91 92 92 92 92 92 92 92 92 92 92 92 92 
94 95 95 95 95 96 96 96 96 96 96 96 96 96 96 96 96 96 95 95 96 96 95 94 100 96 79 161 237 244 214 222 184 88 93 91 91 93 98 100 94 92 90 98 90 98 100 88 89 93 80 107 98 94 90 97 92 139 208 201 94 84 85 92 97 175 164 89 90 96 81 158 224 210 228 176 99 86 92 95 97 96 95 95 94 95 95 95 95 95 95 95 95 95 95 95 95 95 95 95 
94 94 95 95 95 95 95 96 95 95 95 95 95 95 95 95 96 96 96 95 95 96 96 95 91 92 90 82 116 183 239 249 120 59 83 93 95 80 209 210 100 95 79 82 80 93 95 96 93 92 106 217 158 85 92 84 101 229 217 234 120 88 96 94 89 220 208 83 81 80 64 168 235 226 135 84 86 93 93 96 94 94 94 94 94 95 95 95 94 94 94 94 94 94 94 94 94 94 94 94 
96 96 96 96 96 96 96 96 96 96 96 96 96 96 96 96 97 97 97 97 97 96 96 96 95 101 98 84 91 88 131 220 225 177 102 76 74 104 233 162 86 89 94 181 139 91 87 92 92 87 91 229 159 83 97 72 163 234 133 229 199 94 81 96 81 170 232 95 78 141 213 231 173 99 81 88 94 100 95 95 94 94 95 95 96 96 95 95 95 95 95 95 95 95 95 95 95 95 95 95 
96 96 96 96 96 96 96 96 96 96 96 96 96 96 96 96 96 96 97 97 96 95 95 96 95 94 93 96 97 90 82 89 154 231 229 199 125 186 214 84 88 81 98 229 142 82 94 155 216 105 84 238 153 78 87 84 223 200 82 182 238 113 82 85 70 98 235 202 222 241 194 106 80 86 93 100 94 96 91 98 97 97 98 98 98 97 96 96 97 97 97 97 97 97 97 97 97 97 97 97 
94 95 95 95 95 95 95 95 95 95 95 95 95 95 95 95 95 95 95 96 95 94 94 96 96 95 93 98 96 97 91 90 80 94 139 205 223 243 198 108 91 70 137 226 100 86 76 158 234 94 84 236 156 81 80 149 229 123 65 110 227 165 83 98 144 198 246 222 165 115 83 88 92 96 100 93 95 98 95 93 95 95 95 95 95 95 94 94 95 95 95 95 95 95 95 95 94 94 94 94 
94 95 95 95 95 96 96 96 96 96 96 96 96 96 96 96 95 95 95 96 95 94 96 98 97 96 95 91 96 101 93 105 92 94 87 80 115 172 219 235 222 194 198 219 91 71 69 180 228 85 92 233 144 76 95 220 188 74 80 99 198 223 195 225 231 201 130 79 93 89 90 93 97 96 92 97 93 96 95 96 95 95 95 95 95 95 96 97 95 95 95 95 95 95 95 95 96 96 96 96 
97 97 97 96 95 96 96 97 97 97 97 96 96 97 97 96 97 97 96 96 97 97 96 96 97 97 97 98 98 98 98 98 100 92 89 95 94 88 106 139 174 215 243 240 221 201 182 222 205 72 103 237 138 66 125 237 204 189 213 222 241 234 200 148 115 86 77 78 83 90 100 93 96 97 97 97 97 97 97 97 96 97 97 96 95 96 97 96 96 96 96 96 96 96 96 96 96 96 96 96 
95 95 95 95 95 94 95 95 94 95 95 94 94 95 95 