158 158 157 156 155 154 154 153 170 175 170 146 114 94 93 101 108 106 104 104 107 114 121 125 128 129 129 130 131 132 132 133 134 134 134 134 134 134 134 134 134 134 133 133 133 132 132 132 134 133 133 132 131 130 130 129 132 132 131 128 124 119 113 110 121 136 157 169 157 150 150 154 153 153 154 154 155 156 157 157 191 209 221 194 118 106 116 125 129 125 122 120 119 120 127 136 134 120 113 125 147 162 
158 158 157 157 156 155 155 155 169 174 169 145 114 93 93 101 108 106 104 104 107 113 120 125 128 124 129 135 130 131 132 132 133 133 133 133 133 133 133 133 133 133 133 132 132 132 131 131 133 133 132 132 131 130 130 129 131 131 130 128 124 119 114 111 117 134 153 161 157 152 153 157 155 155 155 155 155 155 155 155 167 212 215 209 157 93 113 125 121 117 116 119 123 126 128 130 137 131 129 126 106 81 
158 158 158 158 157 157 157 157 167 171 167 144 113 93 93 101 108 106 104 103 107 113 120 125 127 128 128 129 130 131 131 131 133 133 133 133 133 133 133 133 132 132 131 132 131 130 130 130 133 133 132 131 131 130 129 129 130 130 130 128 125 120 115 112 111 127 146 157 158 156 157 160 159 159 158 156 155 153 152 152 147 191 219 220 199 112 100 122 118 116 116 119 124 127 125 120 126 138 128 90 56 45 
158 158 158 159 159 159 160 160 164 169 165 142 112 93 93 102 107 105 103 103 106 113 120 124 126 127 127 128 129 130 130 131 132 132 132 132 132 132 132 132 130 130 120 122 149 168 148 198 163 152 132 131 130 129 129 128 128 128 129 128 125 121 132 114 105 119 139 153 158 159 161 163 162 161 159 157 155 152 150 150 146 111 219 220 216 171 98 112 121 125 124 120 120 124 124 120 137 125 89 49 41 57 
157 158 159 160 111 162 163 163 160 166 162 141 111 92 93 102 107 105 103 103 106 112 119 124 122 126 126 127 128 129 129 130 131 131 131 131 131 131 131 131 128 128 128 133 127 126 126 126 132 132 131 130 130 129 128 128 126 127 128 127 125 122 144 115 101 114 133 149 159 162 162 162 163 162 160 158 155 153 151 150 151 155 190 214 216 221 135 100 116 127 129 120 116 125 131 130 147 91 44 41 53 53 
157 158 159 161 162 164 166 166 157 163 160 139 110 92 94 102 107 105 102 102 105 112 119 123 167 125 125 126 127 128 128 129 130 130 130 130 130 130 130 130 126 126 126 166 125 125 124 124 132 131 131 130 129 128 128 127 124 125 127 127 126 123 177 117 100 111 129 146 158 163 162 160 161 160 159 158 156 155 154 153 150 122 147 198 213 230 191 111 106 119 124 117 119 131 134 126 89 57 34 40 50 50 
157 158 159 161 111 166 168 169 155 161 158 138 109 92 94 103 106 104 102 102 105 111 118 123 124 124 125 126 126 127 128 128 129 129 129 129 129 129 129 129 125 125 124 124 124 123 123 123 131 131 130 130 129 128 127 127 123 124 126 127 126 123 120 118 101 110 126 144 157 162 160 156 157 157 157 157 157 157 157 157 148 155 133 170 207 222 216 155 105 115 117 115 125 135 119 91 34 47 51 43 43 22
157 158 159 162 164 167 169 170 154 160 157 137 108 91 94 103 106 104 102 102 105 111 118 113 123 124 124 125 126 127 127 128 129 129 129 129 129 129 129 129 124 124 124 123 123 123 122 122 131 131 130 129 129 128 127 127 122 124 126 127 126 114 121 119 102 110 125 143 157 162 158 153 155 155 156 157 158 159 159 160 119 150 144 143 202 219 211 199 113 117 115 116 130 134 98 50 45 55 63 61 53 47 
161 158 160 164 165 160 156 155 161 156 161 147 105 83 92 101 104 103 103 105 108 113 117 120 124 124 125 126 128 129 130 130 129 134 138 136 130 123 120 119 123 125 127 129 127 123 118 115 112 121 124 120 123 132 132 124 128 122 119 123 129 127 117 108 111 111 121 137 146 147 150 157 147 151 157 161 162 158 152 148 150 142 145 130 156 210 221 227 171 111 104 126 131 89 33 44 50 57 48 51 41 55 
161 163 166 164 156 151 154 160 162 157 162 147 104 82 92 101 103 103 103 104 108 112 117 120 124 124 125 126 127 128 129 130 119 124 130 132 131 131 134 137 140 145 151 158 164 166 167 166 166 147 127 119 121 125 128 128 123 133 134 125 123 130 129 119 110 111 121 137 146 147 149 156 150 152 156 158 158 155 151 148 146 146 137 137 155 186 217 226 221 123 99 118 95 59 45 48 43 56 55 49 45 57 
160 170 174 160 141 137 151 168 163 157 162 147 104 81 90 99 102 102 102 104 107 112 116 119 123 123 124 125 127 128 129 129 119 123 127 129 130 134 141 147 144 149 158 168 177 184 189 191 188 176 165 153 132 114 118 135 133 125 120 124 127 123 118 115 108 110 121 138 147 147 149 154 154 154 154 153 152 150 148 147 142 148 131 145 150 156 204 224 242 179 116 86 54 38 50 49 48 57 58 40 40 45 
161 175 176 151 124 124 150 173 164 158 162 147 103 80 88 97 102 101 101 103 106 111 115 118 122 122 123 124 126 127 128 128 130 131 131 129 126 129 136 142 140 144 150 158 165 172 176 179 179 187 198 195 170 139 124 125 128 123 122 126 124 115 130 161 156 109 121 140 149 147 147 152 154 153 150 148 146 146 146 146 141 141 136 149 144 139 180 217 225 238 134 45 37 41 48 46 56 52 54 38 46 42 
163 175 168 134 108 116 149 175 165 159 163 144 102 78 86 95 101 100 100 102 105 110 114 117 121 122 122 144 155 177 188 199 133 133 132 128 124 125 131 137 142 144 148 154 161 167 173 176 181 186 192 197 200 189 156 125 113 125 131 125 127 116 117 116 104 107 121 141 150 147 146 150 150 148 146 145 144 144 144 125 143 133 146 147 139 139 157 200 224 218 106 31 42 50 51 45 54 44 51 49 59 15 
165 169 121 113 95 115 150 172 167 160 163 147 101 77 84 92 100 99 99 101 104 109 113 146 120 121 121 123 124 125 126 126 120 123 126 126 125 127 133 138 137 139 143 150 160 170 179 184 185 190 189 186 193 201 189 169 143 110 94 112 123 113 105 110 102 106 122 142 151 148 145 148 140 141 142 144 144 144 144 144 143 133 152 144 139 147 145 174 219 125 49 46 52 50 58 50 52 46 51 53 53 36 
167 162 132 93 86 117 152 167 167 161 164 146 101 76 83 91 99 99 99 100 103 108 113 116 119 120 121 122 123 124 125 126 107 113 121 125 126 128 132 136 132 134 138 146 156 168 179 185 183 191 195 190 185 189 199 207 193 141 103 105 113 104 98 104 100 105 122 143 152 148 144 146 130 133 139 144 147 147 145 143 140 144 149 144 146 154 149 143 141 52 31 54 54 53 54 53 51 57 53 50 48 61 
169 156 120 81 82 120 153 163 168 161 164 146 100 75 82 90 99 98 98 100 103 108 112 115 119 120 120 122 123 124 125 125 104 111 120 125 126 126 128 130 139 140 143 149 158 169 179 185 188 183 187 199 201 195 196 203 210 222 188 115 79 99 119 112 99 105 122 143 153 148 144 145 123 129 137 145 149 148 145 143 137 156 142 144 152 156 157 123 39 33 50 46 52 60 42 53 44 64 55 51 61 121 
155 120 95 86 92 125 158 165 165 166 161 139 103 76 80 98 100 100 100 101 104 109 114 117 120 114 122 117 127 126 101 116 121 120 117 116 119 123 128 132 143 136 130 134 148 166 180 187 187 186 185 186 192 200 208 214 217 207 226 201 91 86 115 99 95 100 121 146 150 152 157 143 126 76 94 146 149 141 149 146 131 154 157 149 150 148 139 49 33 47 58 57 50 45 42 41 50 53 61 85 127 160 
137 109 92 85 88 118 153 162 165 166 161 139 103 76 80 98 100 100 100 101 104 109 114 117 120 120 115 123 127 115 110 113 119 118 117 117 120 125 131 134 128 133 139 144 150 161 175 186 171 178 190 201 208 210 208 207 206 212 216 215 163 92 68 106 95 103 121 143 153 157 156 145 107 64 73 120 138 142 151 150 138 146 139 141 151 152 96 42 41 49 55 54 50 49 49 50 61 62 81 115 141 147 
113 96 90 86 85 111 147 160 165 166 161 139 103 76 80 98 100 99 99 101 104 109 113 116 121 123 111 129 125 105 118 110 116 116 117 119 124 129 135 138 134 135 138 145 155 163 168 170 174 183 197 208 214 211 205 200 200 210 211 221 219 135 75 91 84 100 121 140 157 161 153 149 131 62 40 93 141 147 141 143 146 141 145 139 149 123 47 41 51 51 51 51 51 52 54 57 66 81 110 141 152 148 
94 87 91 91 86 109 146 162 165 166 161 139 103 76 80 98 99 99 99 100 104 108 113 116 124 122 118 128 118 105 117 111 113 115 118 122 128 133 138 140 143 143 143 142 145 153 165 173 198 199 201 202 203 202 201 200 205 202 217 210 217 198 155 84 67 89 121 141 158 160 147 153 126 78 48 73 116 134 142 155 146 139 168 146 130 65 29 50 56 51 49 52 52 49 51 55 74 104 134 148 155 163 
87 84 94 97 91 112 149 165 165 166 161 139 103 76 80 98 99 98 98 100 103 108 112 115 124 123 132 118 110 114 107 115 113 116 120 126 131 136 139 141 140 143 144 138 137 149 175 196 206 203 200 197 197 199 202 204 208 201 217 199 203 225 219 141 66 77 119 145 156 155 144 157 111 83 42 33 74 127 149 147 140 137 159 143 87 33 39 57 55 49 50 55 53 45 48 57 106 125 143 150 157 168 
87 84 94 98 93 115 151 166 165 166 161 139 103 76 80 98 98 98 98 99 103 107 112 115 119 133 141 106 106 120 102 117 116 119 124 130 134 137 138 138 141 130 123 133 157 181 192 195 190 192 195 199 202 204 205 205 203 209 208 199 210 212 217 223 105 77 114 146 151 154 146 158 122 77 38 28 43 80 125 153 150 148 136 113 44 42 55 56 53 48 50 56 51 44 57 80 146 141 146 158 162 157 
89 83 90 94 92 115 149 161 165 166 161 139 103 76 80 98 98 97 97 99 102 107 112 114 108 154 140 97 107 118 104 114 120 123 128 133 136 137 136 135 131 125 129 152 182 197 191 177 181 186 193 200 204 205 203 201 197 216 202 203 216 207 201 241 175 91 107 142 146 156 152 157 125 82 60 49 30 59 139 198 189 181 161 65 32 53 61 53 53 47 49 54 48 49 80 120 155 150 153 162 161 153 
91 81 85 89 89 113 146 157 165 166 161 139 103 76 80 98 98 97 97 99 102 107 111 114 99 171 136 93 110 113 110 112 122 126 131 135 137 136 134 132 101 134 173 190 184 173 172 177 187 190 194 197 199 198 197 196 196 217 203 204 209 222 204 206 230 106 102 137 142 160 158 155 140 82 36 20 55 155 219 201 229 216 214 29 42 47 61 53 55 48 48 51 46 54 100 153 139 154 163 158 155 160 
91 92 92 90 95 112 139 160 171 163 163 144 97 73 83 92 100 101 102 103 104 105 106 106 140 188 118 94 108 113 109 120 114 128 135 129 125 129 129 123 165 165 167 170 174 179 183 185 189 188 188 188 190 194 198 200 203 203 204 204 204 205 205 206 235 196 92 125 166 159 162 142 131 50 25 104 184 196 195 217 214 213 240 114 13 62 61 45 50 53 50 50 41 94 167 143 158 158 158 157 157 157 
93 95 94 92 97 115 142 162 172 164 164 144 98 74 83 92 100 101 101 103 104 105 106 106 148 185 115 91 107 112 109 118 124 122 126 130 125 119 128 144 161 163 167 171 176 179 181 182 186 185 185 186 189 193 197 200 204 202 199 197 198 202 207 210 214 208 149 142 147 159 157 135 98 75 139 199 184 199 224 194 205 213 228 118 23 55 58 43 51 48 56 36 64 131 146 150 158 158 158 157 157 157 
97 98 97 95 100 118 145 165 173 165 165 145 99 75 84 93 100 100 101 102 103 105 105 106 163 178 111 89 104 110 110 115 127 122 122 124 121 120 136 157 155 160 166 173 177 178 177 176 180 180 180 182 186 191 196 199 201 197 192 190 192 198 206 212 197 210 201 174 139 153 151 143 120 171 197 201 214 215 204 206 201 215 221 112 36 49 54 42 45 53 49 40 103 156 140 154 158 158 158 157 157 157 
99 101 100 98 103 120 147 168 174 166 166 147 100 76 85 95 99 100 101 102 103 104 105 105 180 171 112 91 104 107 110 113 120 126 124 117 121 137 149 150 150 156 165 173 177 177 174 171 175 175 176 178 182 188 193 196 191 190 189 189 191 196 201 204 192 197 204 203 155 149 160 168 201 198 198 196 197 207 212 202 209 220 226 85 43 51 51 43 40 63 40 76 140 150 155 157 158 158 158 157 157 157 
100 102 101 99 104 121 148 169 176 167 167 148 102 78 87 96 99 99 100 101 102 104 105 105 194 165 118 99 106 104 112 113 118 122 122 122 134 150 150 140 147 153 162 170 174 174 171 168 173 173 173 174 178 182 187 190 180 183 187 191 193 192 191 189 188 185 179 207 177 164 187 191 204 204 200 199 203 200 198 206 219 225 223 51 45 58 50 45 46 55 62 119 153 144 161 164 158 158 158 157 157 157 
99 101 100 98 103 121 148 168 177 169 169 149 103 79 88 98 98 99 100 101 102 103 104 105 204 160 130 113 110 101 113 115 121 115 120 138 149 146 142 143 147 151 158 165 169 170 169 168 173 172 171 171 173 176 180 182 175 180 187 191 191 187 180 176 177 185 168 195 189 191 208 199 197 189 200 207 200 207 211 192 213 223 187 30 47 61 47 46 54 48 109 145 148 155 153 172 158 158 158 157 157 157 
98 99 98 96 101 119 146 166 178 170 170 150 104 80 89 99 98 98 99 100 102 103 104 104 209 158 144 128 115 98 114 117 116 119 132 146 146 138 139 148 149 151 155 159 163 166 168 169 175 173 171 169 169 170 172 174 179 182 184 185 184 179 174 170 170 185 179 189 194 209 200 200 192 220 186 175 224 211 170 191 189 216 122 31 52 58 43 46 51 72 138 153 147 160 156 166 158 158 158 157 157 157 
96 97 97 95 99 117 144 165 178 170 170 151 105 81 90 99 98 98 99 100 102 103 104 104 212 157 152 137 119 97 114 119 107 131 148 142 132 135 144 150 150 151 152 155 160 164 168 171 176 174 171 168 166 167 168 169 185 184 182 179 176 173 171 170 170 181 194 193 199 212 179 203 210 198 200 211 203 180 165 160 166 208 70 41 57 53 41 45 40 109 140 154 154 154 172 153 158 158 158 157 157 157 
99 97 95 95 103 123 147 165 174 170 174 154 104 76 85 96 97 96 105 93 106 98 78 136 205 175 148 135 118 107 110 118 140 139 132 125 132 145 145 135 139 151 151 155 167 160 157 174 166 172 164 157 158 165 171 164 172 173 167 162 165 166 168 175 182 198 206 195 185 188 194 195 203 210 207 204 195 153 168 151 174 167 18 42 57 40 56 55 112 130 147 155 160 167 167 163 157 157 157 156 156 156 
100 98 95 95 103 123 148 165 174 170 174 154 104 76 85 96 97 96 104 94 106 98 79 132 206 173 155 146 135 110 113 128 140 131 131 140 143 138 136 140 152 151 165 156 132 149 163 134 138 144 150 163 173 174 167 154 169 161 168 170 159 170 190 191 200 186 184 197 201 195 198 211 213 188 213 225 176 163 134 143 198 131 29 45 52 45 46 62 122 139 153 157 159 162 161 155 157 157 157 156 156 155 
100 98 96 96 104 124 148 166 174 170 174 154 104 76 85 96 96 97 103 95 105 98 82 125 211 176 163 151 153 115 118 132 128 126 133 143 141 131 129 135 144 145 141 135 127 114 108 115 153 131 125 142 158 157 151 153 107 138 147 153 173 175 178 204 195 198 196 192 198 207 204 193 194 214 221 201 153 114 85 158 192 78 40 47 49 50 44 87 136 150 160 159 157 158 154 148 157 157 156 156 155 155 
101 99 97 97 105 124 149 167 174 170 174 154 104 76 85 96 96 97 102 96 104 98 86 115 217 188 170 140 155 121 122 123 115 129 137 130 125 129 131 128 131 135 124 124 128 96 78 103 169 141 114 91 89 93 77 66 52 73 135 178 175 187 208 199 200 190 189 198 200 194 198 210 202 225 173 114 106 79 139 202 130 39 48 44 50 50 57 124 143 156 164 160 157 157 154 148 156 156 156 155 155 155 
102 100 97 97 106 125 150 168 174 170 174 154 104 76 85 96 96 98 100 98 102 98 89 104 215 203 176 125 144 126 122 109 123 134 136 126 121 128 135 136 134 126 138 135 105 99 100 78 102 96 94 71 70 82 57 38 66 121 159 186 211 198 181 198 191 196 192 184 192 209 211 200 156 121 93 82 98 138 190 132 56 37 54 43 52 42 77 146 145 157 164 161 158 160 159 155 156 156 155 155 155 154 
103 101 98 98 107 126 151 169 174 170 174 154 104 76 85 96 96 98 99 99 101 98 93 95 196 210 186 127 136 126 119 108 139 132 130 134 132 128 135 147 131 119 117 114 96 77 73 76 118 84 92 95 81 54 33 63 138 147 185 205 188 185 192 178 192 202 204 201 203 199 171 136 90 71 100 136 156 197 123 35 26 54 56 45 51 41 101 145 148 159 165 161 159 162 163 160 155 155 155 155 154 154 
104 102 99 99 108 127 152 169 174 170 174 154 104 76 85 96 96 98 98 100 100 98 96 87 165 207 199 150 140 123 114 124 135 125 123 131 135 130 130 135 116 101 74 74 81 49 43 92 92 62 78 79 68 63 75 137 155 173 175 176 188 186 185 200 207 181 185 209 184 122 101 125 126 142 162 181 179 145 54 49 44 60 48 49 48 59 133 140 154 164 168 162 159 162 163 160 155 155 155 154 154 153 
104 102 99 99 108 127 152 170 174 170 174 154 104 76 85 96 96 98 98 101 99 98 97 83 141 201 208 173 147 119 110 141 116 120 120 119 125 133 126 111 108 79 67 59 43 50 78 93 50 87 114 58 48 115 144 163 198 192 189 184 175 176 181 180 168 198 190 129 81 88 122 141 167 169 179 192 152 45 41 59 70 54 36 51 46 81 160 140 160 168 171 163 158 160 161 157 155 155 154 154 154 153 
107 109 107 100 99 115 146 170 171 174 173 159 107 72 85 89 96 95 95 96 98 102 106 109 109 189 206 173 152 128 119 119 118 133 133 116 130 133 96 81 74 83 55 61 74 43 84 50 58 69 67 86 99 112 157 179 188 183 177 173 172 176 182 186 182 194 162 62 88 108 123 123 153 188 190 120 29 38 53 49 51 58 46 50 62 113 138 152 168 167 167 166 165 164 164 163 156 156 155 154 153 151 
106 108 107 100 99 115 145 170 172 174 173 159 108 72 86 89 97 96 95 96 99 103 107 109 91 137 194 186 166 123 115 115 128 126 123 119 130 117 76 70 88 75 36 75 81 46 56 59 60 73 74 97 121 145 184 195 184 180 175 173 174 179 185 189 190 199 175 91 89 96 112 126 154 146 103 62 37 54 53 59 54 49 51 47 80 119 136 157 170 169 167 166 164 162 161 160 158 157 156 155 154 153 
106 108 106 99 98 114 145 169 172 175 174 160 108 73 86 90 98 97 97 97 100 104 108 110 95 107 201 201 166 125 126 119 127 126 127 115 108 89 57 57 85 74 41 66 85 64 42 50 35 58 73 98 131 163 186 180 176 175 173 173 177 183 190 195 199 203 194 136 90 76 90 127 151 107 31 24 50 63 49 65 54 43 51 51 107 128 138 162 168 167 166 164 162 160 158 158 160 159 158 157 156 155 
105 107 105 98 97 113 144 169 172 175 174 160 108 73 86 90 99 98 98 99 101 105 109 112 112 108 208 198 129 119 131 120 116 131 134 96 69 65 51 49 61 80 65 47 83 90 48 30 45 82 111 130 155 184 191 173 169 169 171 174 180 188 195 199 204 205 207 174 93 56 64 117 147 98 29 39 58 60 48 59 50 49 43 71 129 135 147 164 161 161 161 161 161 160 160 160 161 160 159 158 157 156 
104 106 104 97 96 112 143 168 173 176 175 161 109 74 87 91 101 100 99 100 102 106 110 113 113 104 186 189 95 105 118 120 119 117 110 72 49 57 52 46 48 78 64 62 79 103 47 41 91 130 160 158 166 191 193 179 164 166 170 176 183 191 198 202 203 204 212 196 104 48 41 100 148 101 49 60 53 57 60 46 45 58 38 101 143 141 158 162 153 154 155 157 159 161 163 163 160 159 158 157 156 155 
103 105 103 96 95 112 142 167 173 176 175 161 109 74 87 91 102 101 101 101 104 108 112 114 112 99 156 187 106 109 115 132 124 87 70 56 52 62 55 48 53 66 41 95 73 91 44 88 132 158 177 157 152 175 177 173 162 165 170 177 185 193 198 201 202 206 213 202 124 58 30 80 151 104 48 55 45 61 73 40 45 57 52 125 147 150 165 159 151 152 153 155 157 159 160 161 157 156 156 154 153 152 
102 104 102 96 95 111 141 166 174 177 175 161 110 75 88 91 103 102 102 102 105 109 113 115 115 108 133 165 126 125 127 130 99 64 57 53 52 68 65 55 56 60 43 89 64 70 73 126 158 172 186 164 159 178 171 165 162 166 172 179 187 193 197 199 203 211 213 199 149 78 31 66 145 113 44 47 50 62 69 44 51 42 84 135 147 160 164 157 157 157 156 155 154 153 152 151 154 153 152 151 150 149 
102 104 102 95 94 110 141 166 174 177 176 161 110 75 88 92 103 103 102 103 105 109 113 116 114 117 116 125 123 128 131 109 62 58 71 55 43 68 75 62 50 64 68 55 54 56 116 138 158 168 187 173 174 187 164 151 163 167 173 180 187 193 196 198 205 216 214 196 166 95 35 59 135 125 51 52 63 59 56 50 57 27 111 136 146 167 161 157 164 162 159 156 151 147 144 143 151 151 150 149 148 147 
100 98 107 104 91 108 146 165 172 178 178 155 113 79 79 96 91 104 106 85 100 119 109 121 114 149 126 102 145 134 115 82 88 42 93 44 55 77 58 54 52 55 79 65 60 93 125 170 168 161 186 188 167 125 140 147 156 183 187 188 189 188 196 190 201 200 196 212 161 91 41 40 121 148 52 52 66 65 59 52 51 71 132 136 152 161 160 163 166 165 162 159 156 153 150 149 143 138 135 139 146 151 
100 98 106 102 89 107 146 165 173 178 178 156 113 79 79 96 107 106 104 97 115 115 115 113 132 140 58 33 136 139 90 67 64 61 92 47 51 63 65 32 58 75 67 42 76 141 169 180 189 164 188 165 128 125 137 96 109 136 153 174 181 180 194 198 196 192 172 151 123 69 42 48 109 148 60 58 62 57 55 54 51 84 129 141 157 161 157 161 163 162 160 158 156 154 152 151 157 153 147 140 134 132 
100 97 104 100 87 106 145 165 173 179 179 156 114 80 80 97 108 101 104 100 99 91 110 111 162 155 110 86 110 92 79 79 64 78 77 56 56 43 70 33 45 63 49 60 117 166 184 177 179 175 163 126 121 131 135 113 97 109 123 154 172 179 192 188 207 160 110 80 110 96 68 42 93 147 70 64 58 49 50 53 53 106 126 148 163 159 152 158 158 158 157 156 155 154 153 153 151 153 152 145 135 130 
101 97 102 97 84 104 145 166 174 180 180 157 115 81 81 98 116 98 101 94 86 121 143 151 144 157 149 106 66 59 83 94 94 78 53 63 68 34 67 62 50 39 44 112 157 162 186 188 172 128 59 47 51 44 56 24 91 110 125 145 157 179 203 190 140 92 74 58 60 58 46 21 83 146 76 67 58 47 48 50 61 127 127 153 166 157 147 156 154 154 154 154 154 154 154 154 146 150 151 148 142 136 
101 96 100 94 81 101 144 166 175 181 181 158 115 82 82 99 104 94 106 101 94 165 151 145 146 145 87 40 58 81 71 77 111 68 40 59 75 45 55 73 68 40 61 142 170 177 211 198 130 71 37 83 37 50 159 116 64 105 134 141 144 181 211 183 71 45 87 105 50 48 51 42 79 147 79 68 58 50 49 47 79 141 135 156 165 155 146 155 152 152 152 152 152 152 152 152 159 152 144 138 136 134 
101 95 98 91 78 99 143 166 176 182 182 159 116 83 83 100 90 102 103 81 70 148 163 176 144 82 45 61 72 75 60 76 102 69 45 47 67 59 45 53 45 50 94 151 178 204 207 155 87 76 53 99 59 85 205 183 85 107 119 126 146 196 200 125 65 55 119 138 53 45 46 48 78 152 86 70 56 50 53 52 101 145 149 155 160 153 146 155 152 152 151 150 150 149 148 148 151 141 130 129 137 145 
101 95 97 88 75 98 143 167 177 183 182 160 117 84 83 100 105 122 88 61 79 126 186 197 82 36 68 104 56 57 74 96 102 93 58 41 54 58 44 40 28 72 133 169 192 191 150 119 124 132 87 110 131 161 194 188 137 126 114 120 150 205 199 107 125 129 173 141 62 44 42 61 74 159 98 75 50 44 56 63 123 142 163 152 152 151 149 156 155 154 152 150 147 145 144 143 132 135 142 152 164 174 
102 95 96 87 74 97 142 167 177 183 183 160 117 84 84 101 103 126 87 103 164 126 127 50 57 101 118 76 35 81 88 90 118 118 65 42 46 46 49 48 56 106 164 190 201 154 99 137 148 156 152 148 114 123 131 150 153 142 133 132 143 196 221 163 148 123 116 63 69 77 54 49 70 164 109 79 45 37 58 74 137 139 172 149 147 150 151 157 156 155 153 150 146 143 141 139 131 150 175 192 196 193 
102 100 92 84 65 82 139 163 180 185 177 165 123 78 85 102 109 107 142 155 117 77 57 49 45 101 115 95 35 67 83 108 96 116 71 40 52 49 40 39 104 146 167 196 146 87 131 138 149 150 152 154 156 157 157 157 155 138 136 134 148 176 211 174 158 144 128 102 99 80 42 51 58 169 112 55 51 40 44 102 136 145 155 158 154 152 154 159 141 154 146 139 148 143 135 145 176 184 194 196 193 191 
96 95 88 80 63 81 139 164 179 184 177 165 123 79 86 103 102 115 137 135 109 87 72 63 93 105 90 63 42 74 91 100 110 113 79 40 40 47 47 63 114 154 196 165 86 113 118 149 155 158 163 168 170 171 169 168 156 141 138 131 143 176 215 179 165 149 136 117 109 84 49 60 54 153 126 46 51 46 48 119 140 148 156 157 154 151 152 155 142 148 148 145 142 135 143 164 195 193 191 190 191 191 
87 87 81 75 60 80 139 164 178 183 176 165 123 79 87 104 124 139 127 97 81 76 72 69 107 107 87 48 36 46 79 98 82 78 123 64 30 51 35 100 142 176 195 81 78 116 120 149 154 160 169 177 181 181 177 175 156 145 141 127 136 174 220 187 167 150 140 130 115 81 52 66 48 136 144 38 52 50 61 139 148 152 157 156 152 149 149 150 143 142 149 149 132 133 161 186 206 197 187 186 192 196 
79 79 74 70 57 78 138 164 176 182 175 165 123 80 88 106 114 130 105 82 82 77 76 78 116 99 61 38 47 46 59 63 51 74 124 87 34 35 62 128 176 197 115 25 105 113 123 139 145 152 164 175 180 178 174 170 154 146 143 124 129 169 222 195 163 145 138 135 112 70 51 65 45 130 156 41 53 46 81 148 155 156 156 154 151 148 146 146 144 140 148 144 128 147 184 195 197 193 190 191 197 202 
74 75 71 67 54 77 137 164 174 180 174 164 124 81 90 108 109 118 97 101 107 82 72 73 109 106 59 48 47 41 47 61 36 105 107 118 68 27 104 126 196 163 29 52 95 120 118 135 139 147 158 169 174 173 168 164 150 142 141 124 124 161 220 202 160 144 139 138 105 61 54 67 45 128 159 58 50 44 106 145 161 158 154 152 150 148 146 144 146 141 143 136 136 172 202 193 189 195 202 204 203 202 
75 75 71 67 54 76 136 162 172 179 173 164 124 82 91 110 139 123 89 104 106 76 78 83 101 122 79 59 42 28 54 90 69 112 135 100 56 55 106 172 178 74 31 84 80 109 127 133 142 148 157 165 169 168 165 162 143 134 137 126 123 151 212 206 160 149 142 137 95 55 61 70 44 116 158 81 42 57 128 141 163 158 151 149 150 150 148 145 147 142 137 136 155 191 206 191 195 204 212 212 205 199 
78 78 73 68 54 75 135 161 171 178 173 164 124 83 92 111 136 106 70 91 93 75 97 96 112 122 71 43 60 43 70 86 115 101 114 39 38 101 116 207 112 24 62 83 89 99 137 129 145 149 154 158 161 161 160 158 137 124 132 130 123 141 204 207 153 147 138 127 78 44 63 67 42 93 159 101 30 83 141 143 164 156 148 146 150 152 151 147 147 140 132 146 178 196 196 196 206 207 209 208 206 204 
81 81 75 70 55 75 135 160 171 177 172 164 124 83 93 112 118 94 71 101 95 71 83 57 91 117 86 43 63 29 72 91 91 89 34 35 108 148 147 134 42 42 56 82 94 114 130 126 145 146 148 150 152 153 153 153 133 118 129 132 124 135 198 207 144 142 131 115 62 33 59 59 40 72 161 111 21 106 147 148 163 154 146 144 150 154 153 149 148 137 129 157 195 193 185 203 210 203 198 199 207 214 
82 80 81 70 62 96 146 167 183 172 170 165 128 83 76 99 115 95 86 114 58 85 103 62 103 124 114 57 73 60 39 46 101 67 17 37 153 189 182 64 27 39 61 99 92 128 127 131 137 140 145 151 156 159 160 160 129 130 106 104 96 119 179 171 150 142 135 92 35 54 55 72 54 40 167 119 50 131 149 158 154 153 152 150 149 147 146 145 140 139 134 173 202 197 206 206 209 209 209 209 209 209 
80 78 79 69 63 97 147 167 173 180 181 160 120 88 84 96 113 102 66 79 75 94 95 77 102 117 116 82 38 99 73 50 97 51 102 127 124 182 100 42 40 45 60 101 95 125 123 127 139 141 144 147 150 153 154 155 141 141 121 127 127 146 188 172 148 137 130 62 49 50 74 68 55 34 157 122 67 133 150 157 153 153 152 150 148 147 146 145 140 138 138 176 202 199 207 206 209 209 209 209 209 209 
77 74 76 68 65 100 148 166 169 181 185 163 119 85 85 102 132 98 64 85 82 71 67 74 98 112 121 112 51 107 69 44 90 123 166 117 124 134 45 40 57 51 56 103 99 122 120 123 140 140 141 144 148 152 156 159 154 155 145 165 178 185 197 167 146 136 102 41 52 56 85 67 57 26 141 128 93 136 153 155 153 152 151 150 148 147 145 145 139 135 144 183 203 201 207 206 209 209 209 209 209 209 
73 69 72 67 67 104 149 165 173 174 182 173 126 77 80 114 128 86 82 111 60 56 65 64 78 94 109 124 113 78 53 75 114 195 139 93 121 74 50 47 66 54 49 102 101 120 122 125 138 138 139 142 147 153 158 161 153 154 152 180 202 200 188 152 147 135 59 47 42 68 76 69 60 22 121 136 119 139 156 153 153 152 151 149 148 146 145 144 139 132 152 191 205 204 208 206 210 210 210 210 210 210 
68 64 67 66 70 108 151 164 173 174 182 174 128 80 83 117 106 86 78 96 45 73 79 81 69 74 81 122 132 62 89 149 173 156 106 138 67 51 59 44 66 55 43 98 97 116 126 128 137 137 137 138 139 140 141 142 151 147 141 164 189 187 169 146 146 115 34 56 42 66 66 71 63 26 104 146 137 142 157 152 152 152 150 149 147 146 144 144 138 129 161 199 206 207 210 206 210 210 210 210 210 210 
64 59 63 65 73 112 153 163 168 180 186 166 124 92 94 111 126 94 51 66 65 72 61 116 93 86 77 114 93 79 134 193 203 106 137 106 21 55 51 50 62 59 43 92 88 109 127 128 136 136 136 134 130 124 117 114 120 114 103 115 136 134 122 121 135 77 37 54 53 56 70 72 65 36 91 155 144 143 157 153 152 151 150 148 147 145 144 143 138 125 169 207 208 210 211 206 211 211 211 211 211 211 
61 55 60 64 75 114 154 163 171 180 182 164 128 98 97 109 139 88 55 54 75 59 64 133 93 103 94 93 84 121 132 188 168 122 137 36 35 56 48 58 61 68 48 88 76 97 123 121 129 132 137 138 134 126 116 110 127 132 134 143 157 145 129 140 109 41 49 53 55 57 82 74 67 49 82 162 143 143 156 154 151 151 150 148 146 145 144 143 137 123 175 214 209 213 211 206 211 211 211 211 211 211 
59 53 58 64 76 116 155 162 181 172 173 170 137 95 91 115 104 71 89 48 55 67 114 130 51 95 104 68 120 161 109 180 119 150 74 48 69 53 52 51 62 75 53 86 68 89 118 113 121 128 139 146 147 141 132 125 118 138 158 174 182 157 128 140 86 23 53 58 47 67 90 78 68 58 79 166 140 143 155 155 151 151 149 148 146 145 144 143 137 121 179 217 209 214 212 206 211 211 211 211 211 211 
50 64 59 56 88 101 142 164 164 191 188 158 124 57 110 125 87 69 97 45 84 51 124 127 106 98 85 137 107 113 150 176 168 94 47 50 56 57 59 57 67 63 51 72 78 72 101 120 121 126 133 142 145 142 133 125 131 128 121 119 131 134 149 96 38 40 50 53 55 76 85 67 70 65 75 157 153 161 167 150 156 155 153 150 148 145 143 141 131 114 191 215 213 216 218 219 219 215 207 202 204 209 
48 53 49 61 97 101 138 164 198 163 186 178 106 85 101 112 96 73 76 40 79 48 115 117 116 118 96 109 114 107 147 194 102 56 44 63 63 51 47 46 63 61 52 66 69 63 86 98 116 124 134 142 144 141 135 132 134 145 146 145 162 164 128 52 50 41 51 63 61 67 77 74 73 65 74 158 151 153 159 146 155 153 149 146 144 144 145 146 129 115 189 215 213 212 214 217 208 208 211 216 217 213 
53 48 45 68 110 106 135 162 183 164 172 166 122 91 88 121 85 82 63 41 71 52 109 100 99 127 112 80 117 103 125 160 46 34 43 54 47 46 53 52 55 58 53 59 58 54 68 72 90 104 122 132 135 137 140 145 160 165 160 153 160 155 89 38 49 41 49 55 52 64 83 85 75 63 74 162 154 150 157 151 158 155 150 146 143 142 143 144 128 120 190 217 216 207 209 215 221 210 205 211 213 208 
54 51 47 69 114 115 141 159 172 191 181 158 135 55 88 99 56 90 69 51 62 55 106 101 68 120 142 110 143 122 90 71 52 57 67 61 48 56 64 52 46 54 56 56 54 54 59 60 70 89 112 128 135 143 156 168 173 168 165 164 155 134 65 66 53 60 64 49 43 74 97 86 77 62 75 167 156 147 156 157 157 157 155 151 147 142 138 136 128 131 196 221 221 207 209 214 204 205 205 199 188 179 
39 46 41 54 102 118 149 161 174 176 189 171 124 71 122 84 43 86 72 62 56 45 99 133 76 88 122 123 139 146 114 91 50 43 55 67 62 61 60 48 43 48 57 57 57 60 61 64 47 65 88 103 111 121 136 149 164 163 168 172 156 121 42 41 57 68 72 56 52 83 99 79 80 66 77 164 147 133 140 141 141 144 149 153 151 146 139 134 126 146 206 224 224 209 212 212 212 215 198 153 104 75 
35 43 35 37 83 107 147 163 169 165 180 164 131 133 120 101 48 72 65 63 56 39 83 156 104 58 87 116 111 135 124 135 94 46 36 61 62 47 48 56 46 45 58 60 60 64 62 73 88 99 114 124 129 135 144 152 159 161 161 163 165 153 96 63 52 47 51 51 55 81 95 80 82 72 81 157 132 115 121 117 119 124 132 139 143 142 138 135 118 158 213 221 222 209 212 204 198 156 99 57 45 49 
68 65 46 40 72 85 131 161 176 184 179 156 143 126 88 88 43 60 65 53 63 58 69 128 117 69 109 128 105 112 88 107 161 96 62 68 60 47 48 55 54 43 57 60 60 61 58 77 113 118 124 130 135 139 142 144 149 149 151 163 187 199 201 169 110 86 61 41 42 75 95 80 79 76 86 156 129 118 124 117 114 114 115 117 119 121 123 125 106 163 214 212 214 205 208 192 188 112 45 39 65 79 
112 95 65 54 71 67 113 156 173 168 176 169 136 74 107 66 27 56 74 43 70 87 62 80 126 93 126 105 87 112 106 137 125 87 63 60 58 63 61 44 60 43 56 60 58 56 51 77 119 120 123 129 137 142 143 142 137 134 146 169 183 178 214 195 218 181 115 45 29 74 96 70 73 77 90 160 136 133 143 134 122 116 107 99 97 99 105 109 96 164 213 204 206 201 204 182 100 52 38 77 102 89 
131 139 108 93 63 60 121 163 174 153 173 164 135 138 101 31 41 55 95 74 92 89 83 52 88 104 80 80 106 122 134 124 102 86 103 66 49 64 51 59 65 51 43 48 56 59 64 70 102 116 128 130 133 140 142 139 137 144 156 169 180 188 192 194 191 206 219 172 73 41 105 67 69 55 105 165 145 146 129 138 126 137 120 115 110 88 100 129 81 167 220 213 212 199 173 82 64 65 75 90 93 84 
131 148 131 115 73 53 111 156 176 172 176 161 152 138 86 44 44 42 69 75 83 76 69 72 71 93 72 68 95 119 139 137 87 96 106 68 40 60 56 58 59 56 53 54 64 74 72 64 103 117 129 131 133 140 142 139 140 146 156 168 178 185 189 191 200 201 201 214 176 92 54 74 75 58 111 156 146 149 136 138 134 148 132 127 126 110 113 125 110 180 211 210 223 203 117 56 77 84 94 99 93 86 
109 144 154 144 90 48 105 159 175 186 175 156 163 129 62 50 61 53 60 67 66 61 47 61 63 84 70 63 83 107 132 142 99 116 115 97 38 63 67 59 50 63 63 57 71 93 84 55 105 119 130 132 134 140 142 138 144 149 157 166 174 180 184 185 191 206 206 226 228 177 68 46 70 56 121 147 147 151 145 140 140 153 139 135 137 125 124 122 132 197 218 212 213 172 64 68 89 101 108 101 90 88 
68 120 161 164 107 46 107 171 175 182 172 157 157 112 47 45 50 56 58 45 64 77 59 50 71 81 75 75 86 90 108 137 126 114 103 138 32 59 67 53 45 66 65 51 71 107 95 50 108 122 132 133 134 140 141 138 148 151 156 163 169 175 179 181 185 203 212 208 206 228 151 28 47 46 134 142 147 148 150 142 142 145 134 135 132 121 130 135 157 204 218 211 193 129 61 98 96 105 105 94 88 94 
35 96 159 173 118 41 104 174 181 172 178 169 145 100 50 40 49 56 63 37 82 89 65 36 74 70 75 92 98 81 90 136 139 81 75 158 25 51 60 47 45 64 58 43 70 114 101 50 110 124 134 134 135 140 141 137 149 151 154 159 165 171 176 178 195 191 196 200 202 222 210 78 25 35 144 144 146 145 148 145 145 139 129 134 123 115 145 167 190 205 209 208 180 103 87 100 104 104 96 89 95 107 
26 83 155 176 126 35 96 167 186 170 188 182 139 98 60 41 60 53 61 47 101 81 50 36 62 52 66 92 103 85 88 141 141 72 81 155 41 60 67 57 49 59 52 45 78 119 103 53 113 126 136 136 136 140 140 136 148 149 151 155 161 168 175 179 192 198 189 200 221 213 224 154 29 37 149 147 145 145 144 146 147 139 131 133 121 128 175 201 202 211 221 209 155 81 100 97 112 104 94 93 104 114 
28 76 149 176 133 36 95 164 178 172 191 179 136 97 60 43 44 37 46 57 102 77 48 65 48 41 57 75 93 91 94 141 137 102 128 126 65 70 69 60 52 54 51 59 97 127 104 56 115 128 137 136 136 140 140 135 145 145 147 151 159 167 175 180 183 205 200 202 215 218 222 199 62 53 149 147 143 150 141 146 140 140 132 126 121 154 207 214 206 217 223 187 120 82 98 107 113 102 95 98 104 103 
29 71 143 174 139 42 100 168 166 173 187 168 133 93 50 41 42 46 48 62 87 67 36 69 44 41 53 58 78 93 96 134 127 131 167 89 72 63 54 44 53 51 53 73 113 134 104 57 116 129 138 137 136 140 139 135 143 143 145 150 157 167 176 182 189 192 206 212 193 217 218 217 94 68 147 145 143 156 139 144 129 138 130 117 120 174 225 211 223 215 196 148 101 112 98 110 107 98 95 98 96 86 
29 55 144 183 135 37 99 165 173 183 178 163 147 95 53 48 40 55 55 60 76 67 48 49 52 53 47 81 39 72 123 128 98 88 91 90 93 97 81 79 59 51 55 83 133 139 95 71 131 133 136 138 139 138 136 135 137 140 145 151 158 164 169 171 182 189 198 204 207 209 214 218 151 68 143 157 143 150 139 142 128 144 127 129 130 170 230 201 224 219 181 132 112 91 110 97 86 100 106 97 88 90 
40 57 135 177 139 48 101 161 176 182 175 164 147 98 54 46 46 56 52 54 69 64 51 54 46 37 48 79 75 77 107 122 131 91 62 36 53 73 74 73 52 48 76 95 130 127 76 93 131 133 136 138 139 138 137 135 137 140 144 150 157 163 167 170 180 188 197 203 206 209 213 217 164 91 144 146 142 144 142 129 131 143 130 130 136 167 212 204 216 217 169 118 103 97 106 90 89 97 102 99 94 94 
44 53 123 170 145 64 100 157 179 181 172 165 145 102 56 43 53 56 50 50 61 61 55 58 56 56 72 60 91 86 101 126 91 99 110 61 56 58 59 46 51 48 91 108 133 114 60 114 132 134 137 139 140 139 137 136 137 139 144 149 155 161 165 167 177 185 194 201 204 207 212 217 197 134 138 131 137 140 155 137 136 145 136 129 135 145 166 190 207 211 152 105 98 105 95 79 93 93 96 100 98 93 
32 42 113 168 153 78 97 153 181 179 170 169 141 104 58 41 53 53 50 52 59 61 57 56 52 58 71 46 89 77 67 102 62 108 145 72 49 46 59 43 56 61 93 116 135 100 61 125 133 135 138 140 141 140 138 137 137 139 143 148 153 158 162 164 173 180 191 198 202 206 211 216 223 166 106 104 110 120 145 142 139 148 146 137 140 127 130 187 210 198 130 98 96 106 82 77 98 91 91 97 94 83 
18 34 109 171 162 90 92 150 180 178 170 175 136 103 59 42 50 48 52 58 61 61 57 49 48 47 55 65 112 102 55 75 75 84 99 45 47 45 51 35 55 85 102 123 121 77 80 136 134 136 139 141 142 141 139 138 137 139 142 146 151 155 158 160 168 176 187 194 199 204 210 215 226 180 76 83 79 87 96 109 115 127 133 143 158 137 140 214 222 175 104 85 86 95 79 93 99 93 92 92 82 66 
28 41 110 174 170 104 89 149 177 178 174 182 129 99 59 45 51 45 52 61 59 61 59 47 52 61 50 55 96 139 105 78 86 55 59 49 64 47 38 37 59 107 117 118 92 65 105 143 135 137 139 142 143 142 140 139 137 138 141 145 149 152 155 157 164 172 183 191 197 202 209 214 225 204 92 88 84 81 64 75 65 73 81 126 167 154 166 229 213 138 80 70 74 85 87 107 94 97 98 89 70 53 
64 63 113 172 177 119 90 147 173 178 179 188 122 94 59 49 57 45 50 56 51 58 63 51 47 59 45 38 46 106 132 101 102 63 52 45 48 40 45 69 84 114 120 94 69 88 128 133 135 137 140 143 143 143 141 139 137 138 140 144 147 150 153 154 160 169 180 189 195 201 208 213 221 226 130 91 106 100 74 72 53 45 38 111 177 170 183 212 164 88 69 69 76 89 97 98 86 100 106 89 64 50 
97 82 115 170 181 129 92 146 170 178 183 192 118 91 59 52 63 46 48 51 44 55 66 56 51 42 54 78 46 48 118 137 99 72 51 33 32 47 50 64 114 110 111 69 60 121 141 114 136 138 141 143 144 143 141 140 137 138 140 143 146 149 151 152 158 167 179 188 194 200 207 212 209 228 148 76 113 112 93 82 83 59 33 119 195 187 194 193 112 50 68 78 87 99 101 77 80 102 112 91 62 52 
88 122 132 164 178 131 98 152 177 178 177 186 116 82 50 52 55 49 53 57 40 65 70 63 69 41 69 55 70 68 96 105 88 46 49 47 33 43 60 85 106 79 57 67 102 132 137 130 137 138 139 141 142 144 145 146 140 141 142 143 144 145 146 147 159 165 172 178 185 194 206 215 216 214 202 77 97 103 104 90 97 85 65 112 204 213 147 108 57 68 67 76 100 95 76 75 95 104 100 81 67 67 
71 100 111 155 175 133 94 142 177 177 180 183 117 77 51 51 55 50 55 58 42 68 69 65 93 40 81 52 74 66 91 117 78 41 46 49 42 50 61 79 59 71 91 112 129 138 141 140 137 138 139 141 142 144 145 146 141 141 142 143 145 146 147 147 157 163 170 176 182 191 203 212 211 215 212 100 90 97 105 98 83 94 92 123 176 162 102 75 63 73 79 92 102 83 68 82 102 105 97 76 63 63 
55 77 89 152 181 146 99 136 178 175 183 177 117 70 51 51 55 52 59 59 47 72 67 67 112 54 82 66 65 73 79 122 89 53 45 46 45 54 63 75 92 110 129 134 127 121 124 131 137 138 139 140 142 143 145 145 142 142 143 144 145 146 147 148 155 160 167 172 178 187 198 207 206 214 221 134 83 91 106 108 97 116 112 109 122 106 81 84 79 84 90 98 92 69 71 100 115 109 92 69 57 56 
50 62 76 160 197 169 114 141 178 174 186 173 115 62 49 50 56 54 64 60 52 78 65 70 106 81 69 90 49 81 70 106 85 53 35 38 53 75 95 111 125 125 126 125 124 126 131 136 136 137 138 140 141 143 144 145 142 143 144 145 146 147 148 149 153 158 164 169 174 182 193 201 206 211 222 166 85 91 107 111 114 130 120 101 100 96 96 111 95 95 92 86 76 72 92 121 120 105 81 62 54 55 
49 52 67 167 206 185 125 145 178 175 187 170 109 56 46 50 56 57 69 62 59 85 62 74 85 99 66 99 51 73 73 71 87 68 45 48 69 90 110 124 116 117 121 128 135 137 135 133 136 137 138 139 141 142 144 144 143 144 145 146 147 148 149 150 153 157 163 167 172 179 190 198 208 208 215 187 95 95 105 109 109 125 126 120 125 123 109 101 93 95 90 76 73 92 116 124 105 84 61 54 61 70 
48 43 57 169 205 188 126 143 177 177 185 171 102 53 42 50 57 60 74 63 64 91 59 77 72 97 77 91 70 55 80 44 92 91 69 71 87 93 102 108 122 128 133 132 125 121 123 127 136 136 137 139 141 142 143 144 144 145 146 147 148 149 150 150 154 159 164 168 171 178 188 196 206 205 210 200 109 95 99 107 113 123 124 125 137 139 115 85 80 86 90 81 83 111 127 115 83 59 42 50 72 89 
